1.241782238038407898e-01
4.541060226676393863e-01
6.741293057710514569e-01
7.373130888750243361e-01
7.576407689161215320e-01
7.689874531197058438e-01
7.996037579289388963e-01
7.930052005260884718e-01
8.117292308069474771e-01
8.090856251369119567e-01
8.500966326277519247e-01
8.631886242823461064e-01
8.627628517348535642e-01
8.592015784356534791e-01
9.047545202611565474e-01
9.598254612293906085e-01
9.566821797574506236e-01
9.905104595201683626e-01
9.813378627216814420e-01
8.104175883486445242e-01
8.317783792594165559e-01
9.249180809497880018e-01
9.976312657935652028e-01
1.010990516913122583e+00
1.007115650824375708e+00
9.595852494984282721e-01
9.518846942687267942e-01
9.637634932264419474e-01
9.736602388471644609e-01
9.543421511249252642e-01
1.002136801672714572e+00
9.841093642548974785e-01
9.920211465014904251e-01
9.591500454830333977e-01
9.874454371597186642e-01
9.583147219667206285e-01
9.280446235906921748e-01
9.501375089711591171e-01
9.253784450921102023e-01
7.663768542464123312e-01
8.807914681264923384e-01
8.950375008482818195e-01
9.646366469833702606e-01
9.936831551051192868e-01
1.011997093192784414e+00
1.011180681745755594e+00
1.035666439042905340e+00
1.051426204789793983e+00
1.063834331127548660e+00
1.082552706355487393e+00
9.838262486695723563e-01
1.126679084030848488e+00
1.119704300679702280e+00
1.161288884097223306e+00
1.111285378497782750e+00
1.193016594516413509e+00
1.143445315965255782e+00
1.140522801541084874e+00
1.135069006795383695e+00
9.845433553505529289e-01
1.106971607463587581e+00
1.149642777292605889e+00
1.183095169966597027e+00
1.227756516162977540e+00
1.224906985765725764e+00
1.255612421614813234e+00
1.245752716983129949e+00
1.221391208263946204e+00
1.265922917209390874e+00
1.259541901454770185e+00
1.265853163595582531e+00
1.229834826466672526e+00
1.211760488242261014e+00
1.193679184913356561e+00
1.193889381306614705e+00
1.216027741651170446e+00
1.223557978016287962e+00
1.211911959077473400e+00
1.240629004801386381e+00
1.226307379973730738e+00
1.169712928645145311e+00
1.151225379726541709e+00
1.157302395174340637e+00
1.096856676363688665e+00
1.021577103389028407e+00
9.858550408465780457e-01
1.118013110834578105e+00
1.207057177910623613e+00
1.179500992870115894e+00
1.207623535956307448e+00
1.246550587809214239e+00
1.231172566925914369e+00
1.232562697021314158e+00
1.232728287301774639e+00
1.237455081960965320e+00
1.210216245738638507e+00
1.210047174545631155e+00
1.224272543843216265e+00
1.235743557302848572e+00
1.257199087346319688e+00
1.243785520931056876e+00
1.266217216331548379e+00
1.246085495892024664e+00
1.235239085460075659e+00
1.259353671463473434e+00
1.212603193023151338e+00
1.226509132414558723e+00
1.216944649477025964e+00
1.169020253167093903e+00
1.128598893713152140e+00
9.835278464700238921e-01
1.160748803845538912e+00
1.146091656485914712e+00
1.142843919101460770e+00
1.131190737708278382e+00
1.121287430974603705e+00
1.148157747130182704e+00
1.139173384365623098e+00
1.106153880075051443e+00
1.116829437544226478e+00
1.091295860793150663e+00
1.077129815966275439e+00
1.067659461943855748e+00
1.060660628402281924e+00
1.041349430776784324e+00
1.009338516555311926e+00
1.009534469851774086e+00
9.862571619943454326e-01
9.162490984235266422e-01
8.884305469823071677e-01
7.773471310584019189e-01
9.408526416199499698e-01
9.720876662014121816e-01
9.537136363735300160e-01
9.658874808257362776e-01
9.807890687805275176e-01
9.823757199749852953e-01
9.900861894562080767e-01
9.926981881519547635e-01
9.956282933828767279e-01
9.766248601491475112e-01
9.563951436985953514e-01
9.557727495914168925e-01
9.273066019209875721e-01
9.417878829573101962e-01
9.540374741874846354e-01
9.728407273748557182e-01
9.893214839547247452e-01
8.959384764246135502e-01
8.375638624950574318e-01
7.905100464073465671e-01
9.670629229743288313e-01
9.482778358850405542e-01
9.254868905374482591e-01
9.262198719060086294e-01
9.068406343391777202e-01
8.639967306322888785e-01
8.840389732035137671e-01
8.667292874410534864e-01
8.465526748165592696e-01
8.078319084314893317e-01
7.874948658220226605e-01
7.553217261184360654e-01
7.432399634181687809e-01
7.379674699585831998e-01
7.286013627104609425e-01
7.012667458968838696e-01
6.665411427132970079e-01
4.761425482075061777e-01
1.291721287234349480e-01
