0.000000000000000000e+00
1.438633412936747291e+00
0.000000000000000000e+00
1.556802953455581173e+00
0.000000000000000000e+00
0.000000000000000000e+00
0.000000000000000000e+00
0.000000000000000000e+00
0.000000000000000000e+00
1.753321236284851148e+00
0.000000000000000000e+00
1.761300717691174800e+00
0.000000000000000000e+00
0.000000000000000000e+00
1.795153773059813718e+00
1.933325457241887646e+00
1.886254363225908781e+00
1.971670628927894686e+00
1.917323142851749429e+00
0.000000000000000000e+00
0.000000000000000000e+00
1.886738243430155615e+00
1.914674115672805987e+00
3.695257239916233782e+00
0.000000000000000000e+00
0.000000000000000000e+00
1.716774433032787206e+00
0.000000000000000000e+00
0.000000000000000000e+00
0.000000000000000000e+00
1.747192271697453725e+00
0.000000000000000000e+00
3.473509381078530911e+00
0.000000000000000000e+00
3.379277393061279611e+00
0.000000000000000000e+00
0.000000000000000000e+00
1.588777127811012102e+00
1.577843422525143424e+00
0.000000000000000000e+00
0.000000000000000000e+00
1.652901575489192920e+00
0.000000000000000000e+00
6.607083919025932950e+00
0.000000000000000000e+00
0.000000000000000000e+00
3.303476729633171516e+00
3.369784436637211833e+00
1.709503933972597922e+00
1.694386221614244237e+00
0.000000000000000000e+00
0.000000000000000000e+00
1.795104557205409179e+00
1.820922466084064828e+00
1.750429622890383508e+00
0.000000000000000000e+00
1.789449054398231320e+00
1.816972081261875704e+00
0.000000000000000000e+00
1.630068997516035845e+00
0.000000000000000000e+00
1.844505998784076395e+00
1.855744566440873156e+00
1.832063378995894887e+00
0.000000000000000000e+00
1.915320001457093690e+00
0.000000000000000000e+00
3.804794446205651770e+00
0.000000000000000000e+00
1.902695191749278703e+00
5.775566136200862566e+00
0.000000000000000000e+00
0.000000000000000000e+00
0.000000000000000000e+00
1.807074147349899906e+00
1.887645809305363853e+00
0.000000000000000000e+00
0.000000000000000000e+00
1.862275562542000218e+00
0.000000000000000000e+00
1.798869739310735127e+00
1.738667487557148394e+00
0.000000000000000000e+00
0.000000000000000000e+00
0.000000000000000000e+00
0.000000000000000000e+00
0.000000000000000000e+00
0.000000000000000000e+00
1.778448517781785254e+00
1.789925697510445612e+00
1.849939023461235177e+00
0.000000000000000000e+00
0.000000000000000000e+00
0.000000000000000000e+00
0.000000000000000000e+00
3.523538695387448350e+00
1.777502288307458489e+00
1.823150825185641422e+00
1.843336831844391899e+00
0.000000000000000000e+00
1.875462225577336328e+00
0.000000000000000000e+00
0.000000000000000000e+00
0.000000000000000000e+00
0.000000000000000000e+00
0.000000000000000000e+00
0.000000000000000000e+00
0.000000000000000000e+00
1.804836941693931607e+00
1.797581032126077005e+00
0.000000000000000000e+00
0.000000000000000000e+00
0.000000000000000000e+00
3.504538957821758949e+00
0.000000000000000000e+00
0.000000000000000000e+00
1.757847161820578874e+00
1.721656349507184824e+00
0.000000000000000000e+00
1.758605334245060048e+00
0.000000000000000000e+00
1.671951621476021055e+00
0.000000000000000000e+00
4.950793480803382884e+00
0.000000000000000000e+00
0.000000000000000000e+00
1.588896871526920496e+00
0.000000000000000000e+00
0.000000000000000000e+00
3.269447098229811388e+00
0.000000000000000000e+00
3.166292430484442644e+00
0.000000000000000000e+00
0.000000000000000000e+00
0.000000000000000000e+00
1.698313060468962910e+00
1.704054530215935781e+00
1.721110009277844632e+00
0.000000000000000000e+00
1.786892493394204084e+00
3.411100710445070572e+00
1.665231867941249444e+00
1.664627613148416119e+00
0.000000000000000000e+00
1.711129912913942119e+00
0.000000000000000000e+00
0.000000000000000000e+00
0.000000000000000000e+00
0.000000000000000000e+00
0.000000000000000000e+00
1.637762792120748268e+00
0.000000000000000000e+00
0.000000000000000000e+00
0.000000000000000000e+00
1.879766482254017435e+00
0.000000000000000000e+00
1.783340249082440598e+00
0.000000000000000000e+00
1.815476558455263678e+00
0.000000000000000000e+00
1.688505454043324638e+00
0.000000000000000000e+00
3.255418419674461106e+00
0.000000000000000000e+00
0.000000000000000000e+00
1.609199744027327794e+00
1.555764332300449748e+00
0.000000000000000000e+00
1.417998352058256195e+00
1.301793954142828724e+00
