1.645505111178742208e-01
5.801928726267124858e-01
8.366963482411295949e-01
8.793884401800944328e-01
9.067745254387274967e-01
8.784677057503077480e-01
9.148781607380329639e-01
9.058991902476398739e-01
9.418764538524179164e-01
9.594328650606689379e-01
9.677377286648255472e-01
9.049439561701910772e-01
9.641093057007561473e-01
9.660750955290297037e-01
9.878825016491930011e-01
1.025589477122394122e+00
1.028605694958854011e+00
1.060739103108058856e+00
1.045447119205901387e+00
8.628183104461761843e-01
8.683298290355193627e-01
1.019612242530707036e+00
1.119206182934196603e+00
1.104173893675832296e+00
1.070404539142278955e+00
1.063097542290100339e+00
1.070533769670247715e+00
1.036197106202406015e+00
1.055675550982363431e+00
1.025340756754412386e+00
1.034136870694245536e+00
1.025000842776834009e+00
1.024405637559137716e+00
9.752773984678962949e-01
9.845807032615294663e-01
9.837159248309463866e-01
9.543454253284220368e-01
9.644891891981436371e-01
9.626931242573348868e-01
7.507824346770771706e-01
8.892300056894617555e-01
9.136578057677418041e-01
9.592092583810090112e-01
1.000028666492363216e+00
1.012609878795996288e+00
1.015906683520180431e+00
1.031862638037170266e+00
1.045905556402614289e+00
1.077814907290707058e+00
1.064933662941740522e+00
1.096988538350098796e+00
1.072084985900949805e+00
1.102786938149273865e+00
1.118894450171385779e+00
1.044609372878858133e+00
1.126994320553407425e+00
1.051839755402915744e+00
1.051414076128577069e+00
1.057846729912803152e+00
9.084918589703545599e-01
1.016919211070627771e+00
1.043620811269299953e+00
1.101490065475186020e+00
1.127075405133258101e+00
1.159465948373316957e+00
1.145746039207675260e+00
1.139624731513269040e+00
1.153852551031440798e+00
1.150612364498473816e+00
1.169036797014001650e+00
1.131705480156641297e+00
1.125433268659897124e+00
1.090446872597086614e+00
1.099696569426697579e+00
1.076161814815821183e+00
1.076126419648582910e+00
1.081165874647498581e+00
1.060411218907315822e+00
1.082392156481021939e+00
1.083215118247196518e+00
1.038839286980586696e+00
1.039992471959582332e+00
1.015669085526772708e+00
9.400562857467605893e-01
8.589215116928843319e-01
8.807229434619474606e-01
9.604197726066765473e-01
1.021337367630036574e+00
1.023707532686500388e+00
1.054996613869185307e+00
1.093259709966897697e+00
1.062634326353480763e+00
1.080208390938841578e+00
1.085182910841412829e+00
1.093708796392344196e+00
1.063458239928126048e+00
1.104275172274498562e+00
1.146742316288700270e+00
1.115005622271688868e+00
1.158416509973893893e+00
1.177784024636972182e+00
1.174073125008275875e+00
1.170129182312702465e+00
1.155231383997634698e+00
1.198583181202764525e+00
1.171127436296052871e+00
1.145435701183190158e+00
1.160812457792558927e+00
1.059978594541703512e+00
9.924969995972895420e-01
9.430319385155161438e-01
1.073787515879121912e+00
1.111089099339186426e+00
1.100095139371618957e+00
1.113093980836591834e+00
1.114477495670039398e+00
1.113775410080789063e+00
1.099939009302842052e+00
1.108732055475774247e+00
1.100264102062743055e+00
1.075877272655297867e+00
1.069392368177928043e+00
1.049295328257102922e+00
1.039188263848656257e+00
1.044987054080798394e+00
1.015724562721138868e+00
9.995695347971063072e-01
9.542572342587193335e-01
8.850130849222240803e-01
8.740290071675914652e-01
8.467616226239803590e-01
9.734817211498656420e-01
9.926096960774835054e-01
1.001494630947109332e+00
1.036194139942281600e+00
1.074434803219453283e+00
1.033041265815352494e+00
1.058500843861035712e+00
1.079582502438869218e+00
1.063322975769127821e+00
1.024733845976000035e+00
1.044569529367081806e+00
1.054924343706197920e+00
9.945582606973009110e-01
1.019747461714733294e+00
1.064713911138963187e+00
1.100081255342091779e+00
1.088438957181874889e+00
1.010986198149793847e+00
8.990149482993556873e-01
8.792665303377444896e-01
1.075944989371486971e+00
1.083219537862174064e+00
9.991328012898226252e-01
9.893529369447648936e-01
9.707916220454938516e-01
9.617115051053006791e-01
9.211330027891028172e-01
9.296325359004586897e-01
9.115160759439542293e-01
9.021435901124544854e-01
8.881925793858107543e-01
8.826589605509180814e-01
8.428009941853064069e-01
8.248262387592593115e-01
8.486528340848878971e-01
8.608705902069432314e-01
7.890631094270171841e-01
5.205269911204639666e-01
1.438541214920653621e-01
